LogFile,HOF_Raw,HOF_Correct
